10
24,1000000000 -4,0000000000 -3,0000000000 -3,0000000000 -4,0000000000 -4,0000000000 0,0000000000 -2,0000000000 -2,0000000000 -2,0000000000 
-1,0000000000 19,0000000000 -2,0000000000 -4,0000000000 -1,0000000000 -4,0000000000 -3,0000000000 -1,0000000000 -2,0000000000 -1,0000000000 
-2,0000000000 -1,0000000000 25,0000000000 -3,0000000000 -4,0000000000 -3,0000000000 -3,0000000000 -3,0000000000 -2,0000000000 -4,0000000000 
-1,0000000000 -1,0000000000 0,0000000000 16,0000000000 -3,0000000000 -3,0000000000 0,0000000000 -3,0000000000 -3,0000000000 -2,0000000000 
-1,0000000000 -3,0000000000 -3,0000000000 -2,0000000000 22,0000000000 0,0000000000 -3,0000000000 -2,0000000000 -4,0000000000 -4,0000000000 
-3,0000000000 0,0000000000 -2,0000000000 -2,0000000000 -3,0000000000 14,0000000000 -3,0000000000 -1,0000000000 0,0000000000 0,0000000000 
0,0000000000 -4,0000000000 -2,0000000000 -1,0000000000 -1,0000000000 0,0000000000 18,0000000000 -3,0000000000 -3,0000000000 -4,0000000000 
-2,0000000000 -4,0000000000 -2,0000000000 -1,0000000000 -4,0000000000 -3,0000000000 -3,0000000000 26,0000000000 -4,0000000000 -3,0000000000 
-2,0000000000 -2,0000000000 0,0000000000 0,0000000000 0,0000000000 0,0000000000 -2,0000000000 -2,0000000000 10,0000000000 -2,0000000000 
0,0000000000 -3,0000000000 -3,0000000000 0,0000000000 -2,0000000000 -1,0000000000 -3,0000000000 -4,0000000000 -3,0000000000 19,0000000000 
