10
16,0100000000 0,0000000000 -2,0000000000 -2,0000000000 -3,0000000000 -1,0000000000 -4,0000000000 0,0000000000 -1,0000000000 -3,0000000000 
-3,0000000000 18,0000000000 -2,0000000000 -4,0000000000 -2,0000000000 -2,0000000000 -1,0000000000 -2,0000000000 -2,0000000000 0,0000000000 
-1,0000000000 -1,0000000000 11,0000000000 -1,0000000000 0,0000000000 0,0000000000 -1,0000000000 -2,0000000000 -1,0000000000 -4,0000000000 
0,0000000000 -2,0000000000 -3,0000000000 20,0000000000 -4,0000000000 -4,0000000000 -1,0000000000 -2,0000000000 0,0000000000 -4,0000000000 
-3,0000000000 -4,0000000000 -4,0000000000 0,0000000000 15,0000000000 0,0000000000 0,0000000000 0,0000000000 -4,0000000000 0,0000000000 
-4,0000000000 0,0000000000 -1,0000000000 -4,0000000000 -1,0000000000 17,0000000000 -3,0000000000 0,0000000000 -3,0000000000 -1,0000000000 
-4,0000000000 -4,0000000000 -2,0000000000 -4,0000000000 -3,0000000000 -3,0000000000 28,0000000000 -4,0000000000 -3,0000000000 -1,0000000000 
0,0000000000 -2,0000000000 -2,0000000000 -1,0000000000 0,0000000000 -2,0000000000 -2,0000000000 15,0000000000 -4,0000000000 -2,0000000000 
-4,0000000000 -3,0000000000 -4,0000000000 -1,0000000000 -2,0000000000 -4,0000000000 0,0000000000 -1,0000000000 19,0000000000 0,0000000000 
-3,0000000000 -3,0000000000 -3,0000000000 -1,0000000000 -4,0000000000 -4,0000000000 -3,0000000000 0,0000000000 -2,0000000000 23,0000000000 
