10
14,0001000000 -3,0000000000 -2,0000000000 0,0000000000 -3,0000000000 0,0000000000 0,0000000000 -2,0000000000 0,0000000000 -4,0000000000 
-3,0000000000 17,0000000000 -2,0000000000 -1,0000000000 -2,0000000000 -2,0000000000 0,0000000000 -3,0000000000 0,0000000000 -4,0000000000 
-2,0000000000 -1,0000000000 21,0000000000 -1,0000000000 -3,0000000000 -3,0000000000 -4,0000000000 -1,0000000000 -3,0000000000 -3,0000000000 
-4,0000000000 -2,0000000000 -1,0000000000 17,0000000000 -1,0000000000 -2,0000000000 -2,0000000000 0,0000000000 -3,0000000000 -2,0000000000 
0,0000000000 -4,0000000000 -1,0000000000 -1,0000000000 16,0000000000 0,0000000000 -2,0000000000 -4,0000000000 -4,0000000000 0,0000000000 
-2,0000000000 -2,0000000000 -3,0000000000 -4,0000000000 -3,0000000000 21,0000000000 -3,0000000000 -2,0000000000 -2,0000000000 0,0000000000 
0,0000000000 -2,0000000000 0,0000000000 -1,0000000000 0,0000000000 -4,0000000000 13,0000000000 -3,0000000000 -2,0000000000 -1,0000000000 
-3,0000000000 -4,0000000000 0,0000000000 0,0000000000 -2,0000000000 -4,0000000000 -4,0000000000 21,0000000000 -4,0000000000 0,0000000000 
0,0000000000 -2,0000000000 -1,0000000000 -1,0000000000 0,0000000000 -4,0000000000 -4,0000000000 -1,0000000000 13,0000000000 0,0000000000 
0,0000000000 -4,0000000000 -4,0000000000 -3,0000000000 -4,0000000000 -1,0000000000 -1,0000000000 -2,0000000000 -4,0000000000 23,0000000000 
