10
17,0000001000 -3,0000000000 0,0000000000 -1,0000000000 -2,0000000000 -1,0000000000 -1,0000000000 -4,0000000000 -4,0000000000 -1,0000000000 
-3,0000000000 21,0000000000 -2,0000000000 -1,0000000000 0,0000000000 -4,0000000000 -4,0000000000 0,0000000000 -4,0000000000 -3,0000000000 
-3,0000000000 0,0000000000 23,0000000000 -3,0000000000 -4,0000000000 -3,0000000000 -4,0000000000 -3,0000000000 -1,0000000000 -2,0000000000 
-1,0000000000 -2,0000000000 -2,0000000000 12,0000000000 -2,0000000000 -3,0000000000 0,0000000000 0,0000000000 -1,0000000000 -1,0000000000 
0,0000000000 -1,0000000000 -1,0000000000 -1,0000000000 19,0000000000 -4,0000000000 -4,0000000000 -3,0000000000 -1,0000000000 -4,0000000000 
-1,0000000000 -2,0000000000 -3,0000000000 0,0000000000 -3,0000000000 20,0000000000 -4,0000000000 -2,0000000000 -1,0000000000 -4,0000000000 
-2,0000000000 -1,0000000000 -2,0000000000 -3,0000000000 0,0000000000 -3,0000000000 15,0000000000 -3,0000000000 -1,0000000000 0,0000000000 
0,0000000000 0,0000000000 -4,0000000000 -1,0000000000 -1,0000000000 -3,0000000000 -4,0000000000 17,0000000000 -2,0000000000 -2,0000000000 
-1,0000000000 -1,0000000000 -2,0000000000 -4,0000000000 -3,0000000000 -4,0000000000 -1,0000000000 -2,0000000000 21,0000000000 -3,0000000000 
-1,0000000000 -3,0000000000 -3,0000000000 -1,0000000000 0,0000000000 0,0000000000 0,0000000000 -3,0000000000 -3,0000000000 14,0000000000 
