20
1,0000000000 0,5000000000 0,3333333333 0,2500000000 0,2000000000 0,1666666667 0,1428571429 0,1250000000 0,1111111111 0,1000000000 0,0909090909 0,0833333333 0,0769230769 0,0714285714 0,0666666667 0,0625000000 0,0588235294 0,0555555556 0,0526315789 0,0500000000 
0,5000000000 0,3333333333 0,2500000000 0,2000000000 0,1666666667 0,1428571429 0,1250000000 0,1111111111 0,1000000000 0,0909090909 0,0833333333 0,0769230769 0,0714285714 0,0666666667 0,0625000000 0,0588235294 0,0555555556 0,0526315789 0,0500000000 0,0476190476 
0,3333333333 0,2500000000 0,2000000000 0,1666666667 0,1428571429 0,1250000000 0,1111111111 0,1000000000 0,0909090909 0,0833333333 0,0769230769 0,0714285714 0,0666666667 0,0625000000 0,0588235294 0,0555555556 0,0526315789 0,0500000000 0,0476190476 0,0454545455 
0,2500000000 0,2000000000 0,1666666667 0,1428571429 0,1250000000 0,1111111111 0,1000000000 0,0909090909 0,0833333333 0,0769230769 0,0714285714 0,0666666667 0,0625000000 0,0588235294 0,0555555556 0,0526315789 0,0500000000 0,0476190476 0,0454545455 0,0434782609 
0,2000000000 0,1666666667 0,1428571429 0,1250000000 0,1111111111 0,1000000000 0,0909090909 0,0833333333 0,0769230769 0,0714285714 0,0666666667 0,0625000000 0,0588235294 0,0555555556 0,0526315789 0,0500000000 0,0476190476 0,0454545455 0,0434782609 0,0416666667 
0,1666666667 0,1428571429 0,1250000000 0,1111111111 0,1000000000 0,0909090909 0,0833333333 0,0769230769 0,0714285714 0,0666666667 0,0625000000 0,0588235294 0,0555555556 0,0526315789 0,0500000000 0,0476190476 0,0454545455 0,0434782609 0,0416666667 0,0400000000 
0,1428571429 0,1250000000 0,1111111111 0,1000000000 0,0909090909 0,0833333333 0,0769230769 0,0714285714 0,0666666667 0,0625000000 0,0588235294 0,0555555556 0,0526315789 0,0500000000 0,0476190476 0,0454545455 0,0434782609 0,0416666667 0,0400000000 0,0384615385 
0,1250000000 0,1111111111 0,1000000000 0,0909090909 0,0833333333 0,0769230769 0,0714285714 0,0666666667 0,0625000000 0,0588235294 0,0555555556 0,0526315789 0,0500000000 0,0476190476 0,0454545455 0,0434782609 0,0416666667 0,0400000000 0,0384615385 0,0370370370 
0,1111111111 0,1000000000 0,0909090909 0,0833333333 0,0769230769 0,0714285714 0,0666666667 0,0625000000 0,0588235294 0,0555555556 0,0526315789 0,0500000000 0,0476190476 0,0454545455 0,0434782609 0,0416666667 0,0400000000 0,0384615385 0,0370370370 0,0357142857 
0,1000000000 0,0909090909 0,0833333333 0,0769230769 0,0714285714 0,0666666667 0,0625000000 0,0588235294 0,0555555556 0,0526315789 0,0500000000 0,0476190476 0,0454545455 0,0434782609 0,0416666667 0,0400000000 0,0384615385 0,0370370370 0,0357142857 0,0344827586 
0,0909090909 0,0833333333 0,0769230769 0,0714285714 0,0666666667 0,0625000000 0,0588235294 0,0555555556 0,0526315789 0,0500000000 0,0476190476 0,0454545455 0,0434782609 0,0416666667 0,0400000000 0,0384615385 0,0370370370 0,0357142857 0,0344827586 0,0333333333 
0,0833333333 0,0769230769 0,0714285714 0,0666666667 0,0625000000 0,0588235294 0,0555555556 0,0526315789 0,0500000000 0,0476190476 0,0454545455 0,0434782609 0,0416666667 0,0400000000 0,0384615385 0,0370370370 0,0357142857 0,0344827586 0,0333333333 0,0322580645 
0,0769230769 0,0714285714 0,0666666667 0,0625000000 0,0588235294 0,0555555556 0,0526315789 0,0500000000 0,0476190476 0,0454545455 0,0434782609 0,0416666667 0,0400000000 0,0384615385 0,0370370370 0,0357142857 0,0344827586 0,0333333333 0,0322580645 0,0312500000 
0,0714285714 0,0666666667 0,0625000000 0,0588235294 0,0555555556 0,0526315789 0,0500000000 0,0476190476 0,0454545455 0,0434782609 0,0416666667 0,0400000000 0,0384615385 0,0370370370 0,0357142857 0,0344827586 0,0333333333 0,0322580645 0,0312500000 0,0303030303 
0,0666666667 0,0625000000 0,0588235294 0,0555555556 0,0526315789 0,0500000000 0,0476190476 0,0454545455 0,0434782609 0,0416666667 0,0400000000 0,0384615385 0,0370370370 0,0357142857 0,0344827586 0,0333333333 0,0322580645 0,0312500000 0,0303030303 0,0294117647 
0,0625000000 0,0588235294 0,0555555556 0,0526315789 0,0500000000 0,0476190476 0,0454545455 0,0434782609 0,0416666667 0,0400000000 0,0384615385 0,0370370370 0,0357142857 0,0344827586 0,0333333333 0,0322580645 0,0312500000 0,0303030303 0,0294117647 0,0285714286 
0,0588235294 0,0555555556 0,0526315789 0,0500000000 0,0476190476 0,0454545455 0,0434782609 0,0416666667 0,0400000000 0,0384615385 0,0370370370 0,0357142857 0,0344827586 0,0333333333 0,0322580645 0,0312500000 0,0303030303 0,0294117647 0,0285714286 0,0277777778 
0,0555555556 0,0526315789 0,0500000000 0,0476190476 0,0454545455 0,0434782609 0,0416666667 0,0400000000 0,0384615385 0,0370370370 0,0357142857 0,0344827586 0,0333333333 0,0322580645 0,0312500000 0,0303030303 0,0294117647 0,0285714286 0,0277777778 0,0270270270 
0,0526315789 0,0500000000 0,0476190476 0,0454545455 0,0434782609 0,0416666667 0,0400000000 0,0384615385 0,0370370370 0,0357142857 0,0344827586 0,0333333333 0,0322580645 0,0312500000 0,0303030303 0,0294117647 0,0285714286 0,0277777778 0,0270270270 0,0263157895 
0,0500000000 0,0476190476 0,0454545455 0,0434782609 0,0416666667 0,0400000000 0,0384615385 0,0370370370 0,0357142857 0,0344827586 0,0333333333 0,0322580645 0,0312500000 0,0303030303 0,0294117647 0,0285714286 0,0277777778 0,0270270270 0,0263157895 0,0256410256 
