10
1,8295913051 -0,6345624426 0,4301635432 1,2788426483 -0,6711108829 0,4925421962 -0,1861465357 -0,9750204732 0,2376497553 0,8674543317 
-0,9075467993 -0,0362254928 0,1437046679 1,4171446801 -0,5689036489 0,5877792796 0,8302366668 0,4316271195 1,4597830408 0,5424859799 
0,4027114924 1,3995901114 0,2943563761 0,0902826474 1,7933988391 1,1193154538 1,1964660440 1,4762064151 0,5556836656 0,1003554034 
1,1064976303 0,7475873040 -0,7226396384 -0,4443784343 -0,3776863111 -0,3392688011 0,9528458881 -0,0885336421 -0,5707317110 0,2325942617 
-0,7412612784 -0,2649808020 -0,2866745278 1,2639571608 -0,1246063483 1,2934679774 -0,2907715066 1,7729110984 1,7891741310 -0,3808424873 
1,2495339905 -0,2664779009 0,8957865020 0,9573043749 0,9879426852 0,8143456964 0,2045916646 1,8198094068 0,8717248561 0,9550185178 
0,5170334848 -0,4409228205 1,4331565886 0,6064569869 -0,3806860175 1,4099322233 1,5587497901 -0,7087502494 -0,2098116501 -0,6743486999 
0,5776760486 -0,1843665873 -0,2207555250 0,6558104619 0,7871514729 0,9829972897 0,3592745159 -0,2209237946 1,9026677200 1,0211664737 
-0,9016618222 -0,7867518158 -0,6151804092 0,1417679640 0,1328577051 0,4777922753 1,1520998651 -0,3002111620 -0,5474191461 -0,9192188997 
1,8403958766 -0,6850097459 1,5314851562 -0,5574098179 0,5150420273 1,0541457029 1,0556935684 1,3528758741 0,5801481411 -0,6458725717 
